0
10
30
60
100
150
210
280
370
470
580
700
830
980
1140
1310
1500
1700
1910
2140
2380
2640
2910
3200
3500
3820
4160
4510
4880
5270
5680
6100
6540
7000
7480
7980
8500
9040
9600
10180
10780
11410
12060
12730
13430
14150
14890
15660
16450
17270
18120
18990
19890
20820
21780
22770
23790
24840
25920
27030
28170
29340
30550
31790
33070
34380
35730
37120
38540
40000
41500
43040
44620
46240
47910
49620
51370
53170
55010
56900
58840
60830
62870
64960
67100
69290
71540
73840
76200
78610
81080
83610
86200
88850
91570
94350
97200
100110
103090
106140
109260
112460
115730
119080
122500
126000
129580
133240
136990
140820
144740
148750
152850
157040
161320
165700
170170
174740
179420
184200
189080
194070
199170
204380
209710
215150
220710
226390
232200
238130
244190
250380
256710
263170
269770
276520
283410
290450
297640
304980
312480
320140
327960
335950
344110
352440
360950
369640
378510
387570
396820
406270
415920
425770
435830
446100
456580
467280
478210
489360
500750
512380
524250
536370
548740
561370
574260
587420
600850
614560
628550
642830
657410
672290
687480
702980
718800
734950
751430
768250
785420
802940
820820
839070
857690
876690
896080
915870
936070
956680
977710
999170
1021070
1043420
1066230
1089510
1113260
1137500
1162230
1187470
1213220
1239490
1266300
1293660
1321570
1350050
1379110
1408760
1439020
1469890
1501390
1533530
1566320
1599780
1633920
1668750
1704290
1740550
1777540
1815280
1853790
1893080
1933160
1974050
2015770
2058340
2101770
2146080
2191280
2237400
2284450
2332450
2381420
2431380
2482350
2534350
2587400
2641520
2696730
2753060
2810520
2869140
2928940
2989950
3052190
3115680
3180450
3246530
3313940
3382710
3452860
3524430
3597440
3671920
3747900
3825410
3904480
3985140
4067420
4151360
4236990
4324340
4413450
4504350
4597080
4691670
4788160
4886590
4987000
5089430
5193920
5300510
5409240
5520160
5633300
5748720
5866450
5986550
6109060
6234030
6361510
6491550
6624200
6759510
6897540
7038340
7181970
7328480
7477930
7630380
7785890
7944520
8106330
8271390
8439760
8611510
8786700
8965400
9147690
9333630
9523300
9716780
9914140
10115450
10320800
10530270
10743940
10961890
11184210
11410980
11642300
11878260
12118950
12364460
12614890
12870340
13130910
13396700
13667810
13944360
14226450
14514190
14807690
15107070
15412450
15723950
16041690
16365790
16696390
17033610
17377580
17728440
18086330
18451390
18823760
19203590
19591020
19986210
20389310
20800490
21219900
21647710
22084080
22529190
22983210
23446320
23918710
24400550
24892040
25393370
25904740
26426350
26958400
27501100
28054660
28619300
29195250
29782730
30381970
30993200
31616660
32252600
32901270
33562930
34237830
34926240
35628430
36344670
37075240
37820440
38580550
39355870
40146710
40953370
41776180
42615450
43471520
44344720
45235390
46143890
47070570
48015790
48979930
49963360
50966470
51989650
53033300
54097840
55183680
56291240
57420970
58573300
59748690
60947590
62170480
63417840
64690160
65987930
67311670
68661890
70039130
71443920
72876820
74338390
75829200
77349830
78900890
80482980
82096720
83742740
85421700
87134240
88881050
90662800
92480200
94333950
96224790
98153460
100120710
102127310
104174060
106261750
108391210
110563260
112778770
115038600
117343630
119694770
122092950
124539100
127034180
129579170
132175070
134822900
137523700
140278520
143088450
145954590
148878060
151860010
154901610
158004050
161168550
164396350
167688720
171046940
174472340
177966260
181530070
185165160
188872960
192654930
196512550
200447330
204460820
208554590
212730240
216989420
221333790
225765060
230284960
234895270
239597800
244394390
249286920
254277310
259367520
264559540
269855410
275257210
280767050
286387100
292119560
297966680
303930750
310014120
316219160
322548310
329004060
335588930
342305510
349156430
356144380
363272100
370542380
377958080
385522100
393237410
401107040
409134070
417321650
425672990
434191370
442880130
451742670
460782470
470003080
479408110
489001250
498786270
508767000
518947350
529331320
539922980
550726480
561746060
572986040
584450830
596144930
608072920
620239480
632649380
645307490
658218770
671388290
684821210
698522790
712498420
726753570
741293830
756124910
771252620
786682890
802421780
818475460
834850220
851552480
868588800
885965860
903690470
921769580
940210280
959019810
978205540
997774990
1017735840
1038095920
1058863210
1080045850
1101652160
1123690600
1146169820
1169098640
1192486040
1216341200
1240673470
1265492400
1290807720
1316629350
1342967430
1369832280
1397234440
1425184650
1453693870
1482773290
1512434310
1542688560
1573547900
1605024440
1637130520
1669878730
1703281920
1737353180
1772105870
1807553630
1843710350
1880590220
1918207690
1956577520
1995714760
2035634760
2076353170
2117885950
2160249400
2203460130
2247535080
2292491540
2338347140
2385119860
2432828050
2481490410
2531126030
2581754370
2633395290
2686069040
2739796270
2794598060
2850495890
2907511690
2965667810
3024987070
3085492720
3147208490
3210158590
3274367700
3339861000
3406664180
3474803430
3544305480
3615197580
3687507530
3761263690
3836494980
3913230910
3991501570
4071337650
4152770460
4235831940
4320554660
4406971840
4495117380
4585025840
4676732480
4770273260
4865684870
4963004720
5062270970
5163522560
5266799190
5372141360
5479590390
5589188410
5700978400
5815004200
5931310520
6049942980
6170948100
6294373330
6420267080
6548678710
6679658580
6813258060
6949529540
7088526460
7230303330
7374915750
7522420430
7672875210
7826339090
7982872260
8142536110
8305393240
8471507530
8640944110
8813769430
8990051270
9169858760
9353262410
9540334140
9731147310
9925776760
10124298810
10326791310
10533333670
10744006880
10958893570
11178078000
11401646130
11629685630
11862285930
12099538250
12341535630
12588372960
12840147050
13096956630
13358902410
13626087120
13898615530
14176594520
14460133100
14749342460
15044336020
15345229460
15652140780
15965190340
16284500900
16610197680
16942408400
17281263350
17626895410
17979440120
18339035730
18705823270
19079946570
19461552340
19850790240
20247812910
20652776040
21065838440
21487162100
21916912240
22355257400
22802369470
23258423790
23723599210
24198078140
24682046660
25175694560
25679215430
26192806730
26716669870
27251010280
27796037510
28351965290
28919011640
29497398920
30087353960
30689108110
31302897350
31928962390
32567548740
33218906830
33883292090
34560965060
35252191500
35957242480
36676394490
37409929550
38158135320
38921305220
39699738520
40493740500
41303622530
42129702210
42972303490
43831756810
44708399210
45602574460
46514633230
47444933190
48393839150
49361723240
50348965030
51355951660
52383078030
53430746940
54499369240
55589364000
56701158660
57835189220
58991900400
60171745820
61375188160
62602699350
63854760780
65131863450
66434508180
67763205810
69118477410
70500854450
71910879040
73349104130
74816093730
76312423140
77838679140
79395460270
80983377040
82603052150
84255120770
85940230780
87659043000
89412231470
91200483720
93024501020
94884998680
96782706300
98718368090
100692743120
102706605660
104760745460
106855968070
108993095140
111172964760
113396431790
115664368170
117977663280
120337224310
122743976570
125198863880
127702848950
130256913730
132862059820
135519308840
138229702850
140994304750
143814198700
146690490530
149624308210
152616802250
155669146190
158782537010
161958195660
165197367490
168501322770
171871357170
175308792260
178814976070
182391283560
186039117210
189759907540
193555113690
197426223970
201374756470
205402259630
209510312860
213700527170
217974545770
222334044760
226780733740
231316356510
235942691740
240661553690
245474792880
250384296870
255391990950
260499838920
265709843860
271024048910
276444538070
281973437020
287612913960
293365180450
299232492280
305217150360
311321501610
317547939890
323898906950
330376893360
336984439510
343724136590
350598627620
357610608480
364762828970
372058093880
379499264100
387089257730
394831051250
402727680650
410782242640
418997895880
427377862200
435925427850
444643944830
453536832160
462607577240
471859737240
481296940450
490922887730
500741353970
510756189540
520971321830
531390756780
542018580440
552858960580
563916148330
575194479850
586698378010
598432354140
610401009800
622609038590
635061227960
647762461130
660717718970
673932081980
687410732260
701158955560
715182143330
729485794870
744075519450
758957038530
774136188000
789618920470
805411307600
821519542480
837949942070
854708949660
871803137410
889239208930
907024001890
925164490720
943667789330
962541153930
981791985830
1001427834380
1021456399910
1041885536760
1062723256360
1083977730360
1105657293850
1127770448620
1150325866490
1173332392730
1196799049510
1220735039430
1245149749160
1270052753090
1295453817110
1321362902420
1347790169450
1374745981830
1402240910470
1430285737690
1458891461460
1488069299720
1517830694750
1548187317700
1579151073110
1610734103640
1642948794790
1675807779780
1709323944480
1743510432480
1778380650250
1813948272390
1850227246980
1887231801070
1924976446250
1963475984350
2002745513220
2042800432670
2083656450520
2125329588740
2167836189740
2211192922770
2255416790470
2300525135530
2346535647500
2393466369720
2441335706390
2490162429810
2539965687710
2590765010770
2642580320310
2695431936050
2749340584110
2804327405140
2860413962600
2917622251220
2975974705620
3035494209120
3096204102700
3158128194160
3221290767460
3285716592240
3351430933530
3418459561650
3486828762340
3556565347060
3627696663480
3700250606240
3774255627870
3849740749940
3926735574460
4005270295480
4085375710930
4167083234700
4250424908950
4335433416700
4422142094610
4510584946090
4600796654610
4692812597310
4786668858880
4882402245690
4980050300240
5079651315900
5181244351880
5284869248590
5390566643240
5498377985800
5608345555220
5720512476030
5834922735270
5951621199710
6070653633440
6192066715860
6315908059940
6442226230910
6571070765310
6702492190410
6836542044020
6973272894710
7112738362420
7254993139500
7400093012130
7548094882220
7699056789720
7853037935380
8010098703970
8170300687940
8333706711600
8500380855740
8670388482780
8843796262370
9020672197560
9201085651460
9385107374450
9572809531910
9764265732530
9959551057170
10158742088310
